406.0,-2.312227,1.951992,-1.609851,3.997906,-0.522188,-1.426545,-2.537387,1.391657,-2.770089,-2.772272,3.202033,7.848392,-0.392047,-0.538672,1.345852,-1.119670,-2.261857,0.524979,0.247998,0.771679,0.517232,-0.035049,-0.465211,0.320198,0.044519,0.177840,0.261145,-0.143276,0.0,0
472.0,-3.043541,-3.157307,1.088463,2.288644,1.359805,-1.064823,0.325574,-0.067794,-0.270953,0.817739,0.753074,-0.552038,0.150805,0.982773,-0.548419,-0.119123,-0.113280,-0.247829,-0.127868,0.042850,0.661696,0.435477,1.375966,-0.293803,0.279798,-0.145362,-0.252773,0.035764,529.0,1
0.0,-1.359807,-0.072781,2.536347,1.378155,-0.338321,0.462388,0.239599,0.098698,0.363787,0.090794,-0.551600,-0.617801,-0.991390,-0.311169,1.468177,-0.470401,0.207971,0.025791,0.403993,0.251412,-0.018307,0.277838,-0.110474,0.066928,0.128539,-0.189115,0.133558,-0.021053,149.62,0
0.0,1.191857,0.266151,0.166480,0.448154,0.060018,-0.082361,-0.078803,0.085102,-0.255425,-0.166974,1.612727,1.065235,0.489095,-0.143772,0.635558,0.463917,-0.114805,-0.18336,1,-0.145783,-0.069083,-0.225775,-0.638672,0.101288,-0.339846,0.167170,0.125895,-0.008983,0.014724,2.69,0
80,-3.007739051,0.929514494,-0.423720855,-1.39295162,0.082246782,-0.515781701,0.104713792,0.825310566,0.38545311,0.064000225,-1.293106712,0.062199943,0.271107013,0.328058801,0.724097629,0.638389444,-0.430082218,-0.723590224,-0.562830693,-0.15171423,-0.40924608,-0.588831627,0.068045089,-0.890869739,-0.047641093,0.717616985,-0.054093659,-0.424259718,39.95,1
81,1.11104797,0.21582,-3.591826161,1.348370368,-0.998492354,-1.402361754,-0.596711513,-0.385302392,0.050620962,1.2108885,0.390259945,0.100784631,-1.40661465,0.206760569,0.346123773,0.559501932,0.712692556,0.775015086,-0.285588171,-0.701679615,-0.59612263,-0.212115585,-0.43207022,-0.607105549,0.176475251,-0.891798495,0.045145475,0.727963185,-0.032720994,-0.456138379,79,0351844,0.374072564,1.150000653,-0.329767569,-0.898687822,0.309906644,-0.255277291,-0.110655139,-0.057578832,-0.217961497,0.600591209,0.686379565,0.262161286,0.922676979,0.135235272,-0.490174913,-0.392752899,-0.315464927,0.031671788,-0.132555304,-0.493866878,-0.010782184,0.380388564,0.456214181,-0.572346756,0.010981463,0.039295013,68.74,1

82,-0.888004366,0.913669852,1.146088038,0.656290499,0.677272305,-0.326210554,0.888811418,-0.34184774,-0.52384947,0.690440323,1.160793465,0.831569261,0.865075614,-0.018098143,0.328620056,-0.180815907,-0.749368972,0.55253267,0.852984405,0.142756935,0.107833277,0.661992966,-0.004713104,0.031096821,-0.140882142,-0.373698279,-0.15792148,0.07652866,5.9,0
83,-1.864989682,0.910873769,1.724862787,-1.748371149,0.578942617,-0.832531161,1.901440328,-1.913986322,2.112375125,3.014354777,2.023987839,-0.481574055,-1.390897387,-1.599749355,0.159606592,-0.056584062,-1.593881833,-0.213254062,-0.448706158,0.274876811,-0.318597399,0.073322713,-0.061693401,0.547204477,-0.466798442,0.408029598,-2.377932922,-1.255549156,7.69,1
83,-0.833200336,0.778787123,2.619236664,2.612864129,-0.51693761,0.558346006,0.316871358,0.206647109,-0.738599157,0.214340363,-0.295198868,0.100770588,0.090682626,-0.430302036,0.027497622,-0.335318928,0.378847686,-0.542428037,-0.595637215,-0.010894389,0.188711283,0.678605871,-0.133148108,0.636175834,0.309329091,0.272149947,-0.078460786,0.00734397,79.91,1
83,-1.897330739,0.955626146,0.052542631,1.27665559,-3.323084064,3.229910789,1.029631148,1.515606764,-0.059626603,-1.461402639,-0.246684066,0.921560835,-0.196534711,0.505960635,0.705137678,-1.328623104,1.915145604,-1.935425902,-0.930024249,-0.832629516,0.128416132,0.776077579,0.477536785,-0.608981285,-1.120892414,-0.41385055,0.061399324,-0.187963516,552.18,1
84,1.119272304,-0.669639047,0.803807372,-0.651693123,-1.395665978,-0.800698087,-0.601604892,0.014390356,2.019905427,-1.067542331,-0.672739778,0.116007769,-1.125379587,0.055688194,1.414561469,-0.396080396,-0.090654809,0.504404193,0.460238548,-0.060359767,0.16368691,0.546516454,-0.176835651,0.402555517,0.563401812,-0.534236042,0.075046569,0.042000798,67.3,1
